28553321412855312346625424343216424123461657656424434331234663323434324324412346
28553321412855312346625424343216424123461657656424434331234663323434324324412346
28553321412855312346625424343216424123461657656424434331234663323434324324412346
28553321412855312346625424343216424123461657656424434331234663323434324324412346
28553321412855312346625424343216424123461657656424434331234663323434324324412346
28553321412855312346625424343216424123461657656424434331234663323434324324412346
28553321412855312346625424343216424123461657656424434331234663323434324324412346
28553321412855312346625424343216424123461657656424434331234663323434324324412346
28553321412855312346625424343216424123461657656424434331234663323434324324412346
28553321412855312346625424343216424123461657656424434331234663323434324324412346
28553321412855312346625424343216424123461657656424434331234663323434324324412346
28553321412855312346625424343216424123461657656424434331234663323434324324412346
28553321412855312346625424343216424123461657656424434331234663323434324324412346
28553321412855312346625424343216424123461657656424434331234663323434324324412346
28553321412855312346625424343216424123461657656424434331234663323434324324412346
28553321412855312346625424343216424123461657656424434331234663323434324324412346
28553321412855312346625424343216424123461657656424434331234663323434324324412346
28553321412855312346625424343216424123461657656424434331234663323434324324412346
28553321412855312346625424343216424123461657656424434331234663323434324324412346
28553321412855312346625424343216424123461657656424434331234663323434324324412346
28553321412855312346625424343216424123461657656424434331234663323434324324412346
28553321412855312346625424343216424123461657656424434331234663323434324324412346
28553321412855312346625424343216424123461657656424434331234663323434324324412346
28553321412855312346625424343216424123461657656424434331234663323434324324412346
28553321412855312346625424343216424123461657656424434331234663323434324324412346
28553321412855312346625424343216424123461657656424434331234663323434324324412346
28553321412855312346625424343216424123461657656424434331234663323434324324412346
28553321412855312346625424343216424123461657656424434331234663323434324324412346
28553321412855312346625424343216424123461657656424434331234663323434324324412346
28553321412855312346625424343216424123461657656424434331234663323434324324412346
28553321412855312346625424343216424123461657656424434331234663323434324324412346
28553321412855312346625424343216424123461657656424434331234663323434324324412346
28553321412855312346625424343216424123461657656424434331234663323434324324412346
28553321412855312346625424343216424123461657656424434331234663323434324324412346
28553321412855312346625424343216424123461657656424434331234663323434324324412346
28553321412855312346625424343216424123461657656424434331234663323434324324412346
28553321412855312346625424343216424123461657656424434331234663323434324324412346
28553321412855312346625424343216424123461657656424434331234663323434324324412346
28553321412855312346625424343216424123461657656424434331234663323434324324412346
28553321412855312346625424343216424123461657656424434331234663323434324324412346

